1.01964
0.60156
0.54006
0.50847
0.49239
0.47289
0.4527
0.43986
0.42828
0.43323
0.41061
0.39828
0.40185
0.38871
0.37911
0.36486
0.36354
0.35634
0.34851
0.34314
0.34005
0.33354
0.33015
0.32454
0.31464
0.321
0.32139
0.30465
0.30744
0.3021
0.29667
0.29829
0.2871
0.29337
0.30156
0.28461
0.2817
0.27285
0.27297
0.27546
0.26856
0.27585
0.2787
0.26538
0.26445
0.26034
0.26097
0.26127
0.26391
0.26082
0.26091
0.24516
0.25452
0.24801
0.24261
0.24768
0.24516
0.25086
0.24558
0.2391
0.24666
0.23538
0.23553
0.23532
0.23856
0.24171
0.2409
0.23844
0.23052
0.23916
0.22908
0.23574
0.23007
0.23583
0.22242
0.22665
0.23271
0.23178
0.23058
0.23007
0.23262
0.22425
0.22608
0.22815
0.23289
0.21975
0.23589
0.22827
0.2271
0.22947
0.22149
0.22422
0.22266
0.23307
0.2259
0.22518
0.22692
0.2313
0.22905
0.22668