4.68
6.76
10.53
15.99
19.89
22.75
25.22
30.16
35.1
38.87
42.64
45.37
48.1
49.14
51.22
53.95
56.29
57.85
57.85
59.28
60.71
61.23
61.88
61.62
59.67
59.8
63.57
63.44
64.35
65.39
67.08
66.43
67.21
67.86
66.43
66.3
67.6
66.43
69.29
69.29
68.64
68.12
68.12
65.65
66.82
69.29
67.47
66.43
66.95
66.95
69.55
68.25
68.38
66.17
68.51
68.64
63.05
67.73
69.03
66.43
69.55
70.46
69.55
67.6
68.77
69.68
67.86
69.68
68.38
70.72
69.55
70.07
67.47
71.89
68.64
73.32
69.16
71.24
69.68
69.68
69.94
68.51
72.8
70.33
72.15
68.51
68.51
71.5
69.29
71.89
71.5
70.2
71.11
72.15
67.21
69.16
71.11
69.68
72.41
70.2
